(kicad_pcb (version 20170922) (host pcbnew no-vcs-found-4c623da~61~ubuntu16.04.1)

  (general
    (thickness 1.6)
    (drawings 8)
    (tracks 194)
    (zones 0)
    (modules 62)
    (nets 56)
  )

  (page A4)
  (layers
    (0 F.Cu signal)
    (1 In1.Cu mixed)
    (2 In2.Cu mixed)
    (31 B.Cu signal)
    (32 B.Adhes user)
    (33 F.Adhes user)
    (34 B.Paste user)
    (35 F.Paste user)
    (36 B.SilkS user)
    (37 F.SilkS user)
    (38 B.Mask user)
    (39 F.Mask user)
    (40 Dwgs.User user)
    (41 Cmts.User user)
    (42 Eco1.User user)
    (43 Eco2.User user)
    (44 Edge.Cuts user)
    (45 Margin user)
    (46 B.CrtYd user)
    (47 F.CrtYd user)
    (48 B.Fab user)
    (49 F.Fab user hide)
  )

  (setup
    (last_trace_width 0.25)
    (user_trace_width 0.2)
    (user_trace_width 0.25)
    (user_trace_width 0.3)
    (user_trace_width 0.35)
    (user_trace_width 0.4)
    (user_trace_width 0.45)
    (user_trace_width 0.5)
    (user_trace_width 0.75)
    (trace_clearance 0.15)
    (zone_clearance 0.16)
    (zone_45_only no)
    (trace_min 0.15)
    (segment_width 0.2)
    (edge_width 0.1)
    (via_size 0.8)
    (via_drill 0.4)
    (via_min_size 0.4)
    (via_min_drill 0.3)
    (user_via 0.7 0.3)
    (user_via 0.8 0.4)
    (user_via 0.9 0.5)
    (user_via 1 0.6)
    (user_via 1.1 0.7)
    (user_via 1.2 0.8)
    (user_via 1.3 0.9)
    (user_via 1.4 1)
    (uvia_size 0.3)
    (uvia_drill 0.1)
    (uvias_allowed no)
    (uvia_min_size 0.2)
    (uvia_min_drill 0.1)
    (pcb_text_width 0.3)
    (pcb_text_size 1.5 1.5)
    (mod_edge_width 0.15)
    (mod_text_size 1 1)
    (mod_text_width 0.15)
    (pad_size 1.5 1.5)
    (pad_drill 0.6)
    (pad_to_mask_clearance 0)
    (aux_axis_origin 0 0)
    (visible_elements FFFFFFFF)
    (pcbplotparams
      (layerselection 0x00030_ffffffff)
      (usegerberextensions true)
      (usegerberattributes true)
      (usegerberadvancedattributes true)
      (creategerberjobfile true)
      (excludeedgelayer true)
      (linewidth 0.100000)
      (plotframeref false)
      (viasonmask true)
      (mode 1)
      (useauxorigin false)
      (hpglpennumber 1)
      (hpglpenspeed 20)
      (hpglpendiameter 15)
      (psnegative false)
      (psa4output false)
      (plotreference true)
      (plotvalue true)
      (plotinvisibletext false)
      (padsonsilk false)
      (subtractmaskfromsilk false)
      (outputformat 1)
      (mirror false)
      (drillshape 0)
      (scaleselection 1)
      (outputdirectory pcb/elecrow/))
  )

  (net 0 "")
  (net 1 "Net-(J2-Pad1)")
  (net 2 "Net-(J2-Pad2)")
  (net 3 "Net-(J2-Pad3)")
  (net 4 "Net-(J2-Pad4)")
  (net 5 "Net-(Q4-Pad4)")
  (net 6 "Net-(Q7-Pad4)")
  (net 7 GND)
  (net 8 /Charger/VBUS)
  (net 9 /Charger/VSYS)
  (net 10 /Charger/VBAT)
  (net 11 "Net-(C22-Pad2)")
  (net 12 "Net-(C24-Pad1)")
  (net 13 "Net-(C25-Pad2)")
  (net 14 "Net-(C26-Pad2)")
  (net 15 "Net-(C27-Pad1)")
  (net 16 /Charger/REGN)
  (net 17 "Net-(U2-Pad15)")
  (net 18 /Charger/VDDA)
  (net 19 "Net-(J3-Pad14)")
  (net 20 "Net-(J3-Pad13)")
  (net 21 "Net-(J3-Pad12)")
  (net 22 "Net-(J3-Pad11)")
  (net 23 "Net-(J3-Pad10)")
  (net 24 "Net-(J3-Pad9)")
  (net 25 "Net-(J3-Pad8)")
  (net 26 "Net-(J3-Pad7)")
  (net 27 "Net-(J3-Pad6)")
  (net 28 "Net-(J3-Pad5)")
  (net 29 "Net-(J3-Pad4)")
  (net 30 "Net-(J3-Pad3)")
  (net 31 "Net-(J3-Pad2)")
  (net 32 "Net-(J3-Pad1)")
  (net 33 /Charger/L1-L)
  (net 34 /Charger/L1-R)
  (net 35 "Net-(C29-Pad1)")
  (net 36 "Net-(C31-Pad2)")
  (net 37 "Net-(C33-Pad2)")
  (net 38 /Charger/IBAT)
  (net 39 /Charger/IADPT)
  (net 40 /Charger/CHRG_OK)
  (net 41 "Net-(R32-Pad2)")
  (net 42 /Charger/SDA)
  (net 43 /Charger/SCL)
  (net 44 /Charger/~PROCHOT~)
  (net 45 /Charger/PSYS)
  (net 46 /Charger/EN_OTG)
  (net 47 /Charger/ACP)
  (net 48 /Charger/ACN)
  (net 49 /Charger/COMP2)
  (net 50 /Charger/COMP1)
  (net 51 /Charger/~BATDRV~)
  (net 52 /Charger/SRP)
  (net 53 /Charger/SRN)
  (net 54 /Charger/CBP)
  (net 55 /Charger/ILIM_HIZ)

  (net_class Default "This is the default net class."
    (clearance 0.15)
    (trace_width 0.25)
    (via_dia 0.8)
    (via_drill 0.4)
    (uvia_dia 0.3)
    (uvia_drill 0.1)
    (add_net /Charger/ACN)
    (add_net /Charger/ACP)
    (add_net /Charger/CBP)
    (add_net /Charger/CHRG_OK)
    (add_net /Charger/COMP1)
    (add_net /Charger/COMP2)
    (add_net /Charger/EN_OTG)
    (add_net /Charger/IADPT)
    (add_net /Charger/IBAT)
    (add_net /Charger/ILIM_HIZ)
    (add_net /Charger/L1-L)
    (add_net /Charger/L1-R)
    (add_net /Charger/PSYS)
    (add_net /Charger/REGN)
    (add_net /Charger/SCL)
    (add_net /Charger/SDA)
    (add_net /Charger/SRN)
    (add_net /Charger/SRP)
    (add_net /Charger/VBAT)
    (add_net /Charger/VBUS)
    (add_net /Charger/VDDA)
    (add_net /Charger/VSYS)
    (add_net /Charger/~BATDRV~)
    (add_net /Charger/~PROCHOT~)
    (add_net GND)
    (add_net "Net-(C22-Pad2)")
    (add_net "Net-(C24-Pad1)")
    (add_net "Net-(C25-Pad2)")
    (add_net "Net-(C26-Pad2)")
    (add_net "Net-(C27-Pad1)")
    (add_net "Net-(C29-Pad1)")
    (add_net "Net-(C31-Pad2)")
    (add_net "Net-(C33-Pad2)")
    (add_net "Net-(J2-Pad1)")
    (add_net "Net-(J2-Pad2)")
    (add_net "Net-(J2-Pad3)")
    (add_net "Net-(J2-Pad4)")
    (add_net "Net-(J3-Pad1)")
    (add_net "Net-(J3-Pad10)")
    (add_net "Net-(J3-Pad11)")
    (add_net "Net-(J3-Pad12)")
    (add_net "Net-(J3-Pad13)")
    (add_net "Net-(J3-Pad14)")
    (add_net "Net-(J3-Pad2)")
    (add_net "Net-(J3-Pad3)")
    (add_net "Net-(J3-Pad4)")
    (add_net "Net-(J3-Pad5)")
    (add_net "Net-(J3-Pad6)")
    (add_net "Net-(J3-Pad7)")
    (add_net "Net-(J3-Pad8)")
    (add_net "Net-(J3-Pad9)")
    (add_net "Net-(Q4-Pad4)")
    (add_net "Net-(Q7-Pad4)")
    (add_net "Net-(R32-Pad2)")
    (add_net "Net-(U2-Pad15)")
  )

  (net_class PWR ""
    (clearance 0.15)
    (trace_width 5)
    (via_dia 0.8)
    (via_drill 0.4)
    (uvia_dia 0.3)
    (uvia_drill 0.1)
  )

  (module Mounting_Holes:MountingHole_2.7mm_M2.5_Pad (layer F.Cu) (tedit 59F580F9) (tstamp 5A10731F)
    (at 183 107)
    (descr "Mounting Hole 2.7mm, M2.5")
    (tags "mounting hole 2.7mm m2.5")
    (fp_text reference REF** (at 0 -3.7) (layer F.SilkS) hide
      (effects (font (size 1 1) (thickness 0.15)))
    )
    (fp_text value MountingHole_2.7mm_M2.5_Pad (at 0 3.7) (layer F.Fab)
      (effects (font (size 1 1) (thickness 0.15)))
    )
    (fp_circle (center 0 0) (end 2.95 0) (layer F.CrtYd) (width 0.05))
    (fp_circle (center 0 0) (end 2.7 0) (layer Cmts.User) (width 0.15))
    (pad 1 thru_hole circle (at 0 0) (size 5.4 5.4) (drill 2.7) (layers *.Cu *.Mask))
  )

  (module Mounting_Holes:MountingHole_2.7mm_M2.5_Pad (layer F.Cu) (tedit 59F580F9) (tstamp 59F58183)
    (at 183 63)
    (descr "Mounting Hole 2.7mm, M2.5")
    (tags "mounting hole 2.7mm m2.5")
    (fp_text reference REF** (at 0 -3.7) (layer F.SilkS) hide
      (effects (font (size 1 1) (thickness 0.15)))
    )
    (fp_text value MountingHole_2.7mm_M2.5_Pad (at 0 3.7) (layer F.Fab)
      (effects (font (size 1 1) (thickness 0.15)))
    )
    (fp_circle (center 0 0) (end 2.7 0) (layer Cmts.User) (width 0.15))
    (fp_circle (center 0 0) (end 2.95 0) (layer F.CrtYd) (width 0.05))
    (pad 1 thru_hole circle (at 0 0) (size 5.4 5.4) (drill 2.7) (layers *.Cu *.Mask))
  )

  (module Mounting_Holes:MountingHole_2.7mm_M2.5_Pad (layer F.Cu) (tedit 59F58101) (tstamp 59F580A9)
    (at 217 63)
    (descr "Mounting Hole 2.7mm, M2.5")
    (tags "mounting hole 2.7mm m2.5")
    (fp_text reference REF** (at 0 -3.7) (layer F.SilkS) hide
      (effects (font (size 1 1) (thickness 0.15)))
    )
    (fp_text value MountingHole_2.7mm_M2.5_Pad (at 0 3.7) (layer F.Fab)
      (effects (font (size 1 1) (thickness 0.15)))
    )
    (fp_circle (center 0 0) (end 2.95 0) (layer F.CrtYd) (width 0.05))
    (fp_circle (center 0 0) (end 2.7 0) (layer Cmts.User) (width 0.15))
    (pad 1 thru_hole circle (at 0 0) (size 5.4 5.4) (drill 2.7) (layers *.Cu *.Mask))
  )

  (module Mounting_Holes:MountingHole_2.7mm_M2.5_Pad (layer F.Cu) (tedit 56D1B4CB) (tstamp 59F580A0)
    (at 217 107)
    (descr "Mounting Hole 2.7mm, M2.5")
    (tags "mounting hole 2.7mm m2.5")
    (fp_text reference REF** (at 0 -3.7) (layer F.SilkS)
      (effects (font (size 1 1) (thickness 0.15)))
    )
    (fp_text value MountingHole_2.7mm_M2.5_Pad (at 0 3.7) (layer F.Fab)
      (effects (font (size 1 1) (thickness 0.15)))
    )
    (fp_circle (center 0 0) (end 2.7 0) (layer Cmts.User) (width 0.15))
    (fp_circle (center 0 0) (end 2.95 0) (layer F.CrtYd) (width 0.05))
    (pad 1 thru_hole circle (at 0 0) (size 5.4 5.4) (drill 2.7) (layers *.Cu *.Mask))
  )

  (module "TI SBS:WE-LHMI-8030" (layer F.Cu) (tedit 59DAC0C5) (tstamp 59E25D29)
    (at 208.042979 84.038419 90)
    (path /59D9AAE2/59DAC1DF)
    (attr smd)
    (fp_text reference L1 (at 0 3.6 90) (layer F.SilkS)
      (effects (font (size 1 1) (thickness 0.15)))
    )
    (fp_text value 2.2uH (at 0 -4.8 90) (layer F.Fab)
      (effects (font (size 1 1) (thickness 0.15)))
    )
    (fp_line (start -4.6 -4.2) (end 4.6 -4.2) (layer F.SilkS) (width 0.15))
    (fp_line (start 4.6 -4.2) (end 4.6 4.2) (layer F.SilkS) (width 0.15))
    (fp_line (start 4.6 4.2) (end -4.6 4.2) (layer F.SilkS) (width 0.15))
    (fp_line (start -4.6 4.2) (end -4.6 -4.2) (layer F.SilkS) (width 0.15))
    (pad 1 smd roundrect (at -3.62 0 90) (size 2.42 5.33) (layers F.Cu F.Paste F.Mask)(roundrect_rratio 0.25)
      (net 34 /Charger/L1-R))
    (pad 2 smd roundrect (at 3.62 0 90) (size 2.42 5.33) (layers F.Cu F.Paste F.Mask)(roundrect_rratio 0.25)
      (net 33 /Charger/L1-L))
  )

  (module "TI SBS:14110613002XXX" (layer F.Cu) (tedit 59926AD9) (tstamp 59E1B811)
    (at 198 105)
    (path /59D9AAE2/59DAC991)
    (attr smd)
    (fp_text reference J2 (at 8.5 -4.25) (layer F.SilkS)
      (effects (font (size 1 1) (thickness 0.15)))
    )
    (fp_text value Conn_01x06 (at -0.5 -4.25) (layer F.Fab)
      (effects (font (size 1 1) (thickness 0.15)))
    )
    (fp_line (start -10.5 -3.5) (end 10.5 -3.5) (layer F.SilkS) (width 0.15))
    (fp_line (start -10.5 4.1) (end 10.5 4.1) (layer F.SilkS) (width 0.15))
    (fp_line (start -10.5 4.1) (end -10.5 -3.5) (layer F.SilkS) (width 0.15))
    (fp_line (start 10.5 4.1) (end 10.5 -3.5) (layer F.SilkS) (width 0.15))
    (fp_text user 1 (at -8.75 -4.5) (layer F.SilkS)
      (effects (font (size 1.5 1.5) (thickness 0.15)))
    )
    (pad 1 smd rect (at -6.35 0) (size 1.1 6) (layers F.Cu F.Paste F.Mask)
      (net 1 "Net-(J2-Pad1)"))
    (pad 2 smd rect (at -3.81 0) (size 1.1 6) (layers F.Cu F.Paste F.Mask)
      (net 2 "Net-(J2-Pad2)"))
    (pad 3 smd rect (at -1.27 0) (size 1.1 6) (layers F.Cu F.Paste F.Mask)
      (net 3 "Net-(J2-Pad3)"))
    (pad 4 smd rect (at 1.27 0) (size 1.1 6) (layers F.Cu F.Paste F.Mask)
      (net 4 "Net-(J2-Pad4)"))
    (pad 5 smd rect (at 3.81 0) (size 1.1 6) (layers F.Cu F.Paste F.Mask)
      (net 7 GND))
    (pad 6 smd rect (at 6.35 0) (size 1.1 6) (layers F.Cu F.Paste F.Mask)
      (net 10 /Charger/VBAT))
    (pad 0 smd rect (at -8.89 0) (size 1.1 6) (layers F.Cu F.Paste F.Mask))
    (pad 0 smd rect (at 8.89 0) (size 1.1 6) (layers F.Cu F.Paste F.Mask))
    (pad "" np_thru_hole circle (at 7.62 0.4) (size 1 1) (drill 1) (layers *.Cu *.Mask))
    (pad "" np_thru_hole circle (at -7.62 -0.2) (size 1 1) (drill 1) (layers *.Cu *.Mask))
  )

  (module Housings_SON:VSON-8_3.3x3.3mm_Pitch0.65mm_NexFET (layer F.Cu) (tedit 59380FB9) (tstamp 59E1B82D)
    (at 212 77)
    (descr "8-Lead Plastic Dual Flat, No Lead Package (MF) - 3.3x3.3x1 mm Body [VSON] http://www.ti.com/lit/ds/symlink/csd87334q3d.pdf")
    (tags "VSON 0.65")
    (path /59D9AAE2/59DB0FB7)
    (attr smd)
    (fp_text reference Q4 (at 0 -2.8) (layer F.SilkS)
      (effects (font (size 1 1) (thickness 0.15)))
    )
    (fp_text value CSD17309Q3 (at 0 2.8) (layer F.Fab)
      (effects (font (size 1 1) (thickness 0.15)))
    )
    (fp_text user %R (at 0 0) (layer F.Fab)
      (effects (font (size 0.7 0.7) (thickness 0.1)))
    )
    (fp_line (start -0.5 -1.65) (end 1.65 -1.65) (layer F.Fab) (width 0.1))
    (fp_line (start 1.65 -1.65) (end 1.65 1.65) (layer F.Fab) (width 0.1))
    (fp_line (start 1.65 1.65) (end -1.65 1.65) (layer F.Fab) (width 0.1))
    (fp_line (start -1.65 1.65) (end -1.65 -0.5) (layer F.Fab) (width 0.1))
    (fp_line (start -1.65 -0.5) (end -0.5 -1.65) (layer F.Fab) (width 0.1))
    (fp_line (start -2 -1.9) (end -2 1.9) (layer F.CrtYd) (width 0.05))
    (fp_line (start 2 -1.9) (end 2 1.9) (layer F.CrtYd) (width 0.05))
    (fp_line (start -2 -1.9) (end 2 -1.9) (layer F.CrtYd) (width 0.05))
    (fp_line (start -2 1.9) (end 2 1.9) (layer F.CrtYd) (width 0.05))
    (fp_line (start -1.23 1.8) (end 1.23 1.8) (layer F.SilkS) (width 0.12))
    (fp_line (start -1.9 -1.8) (end 1.23 -1.8) (layer F.SilkS) (width 0.12))
    (pad 1 smd rect (at -1.44 -0.97) (size 0.63 0.5) (layers F.Cu F.Paste F.Mask)
      (net 33 /Charger/L1-L))
    (pad 2 smd rect (at -1.44 -0.33) (size 0.63 0.5) (layers F.Cu F.Paste F.Mask)
      (net 33 /Charger/L1-L))
    (pad 3 smd rect (at -1.44 0.33) (size 0.63 0.5) (layers F.Cu F.Paste F.Mask)
      (net 33 /Charger/L1-L))
    (pad 4 smd rect (at -1.44 0.97) (size 0.63 0.5) (layers F.Cu F.Paste F.Mask)
      (net 5 "Net-(Q4-Pad4)"))
    (pad 5 smd rect (at 1.44 0.97) (size 0.63 0.5) (layers F.Cu F.Paste F.Mask)
      (net 11 "Net-(C22-Pad2)"))
    (pad 5 smd rect (at 1.44 0.33) (size 0.63 0.5) (layers F.Cu F.Paste F.Mask)
      (net 11 "Net-(C22-Pad2)"))
    (pad 5 smd rect (at 1.44 -0.33) (size 0.63 0.5) (layers F.Cu F.Paste F.Mask)
      (net 11 "Net-(C22-Pad2)"))
    (pad 5 smd rect (at 1.44 -0.97) (size 0.63 0.5) (layers F.Cu F.Paste F.Mask)
      (net 11 "Net-(C22-Pad2)"))
    (pad 5 smd rect (at 0.86 0.61) (size 0.95 1.23) (layers F.Cu F.Paste F.Mask)
      (net 11 "Net-(C22-Pad2)") (solder_paste_margin_ratio -0.2))
    (pad 5 smd rect (at 0.86 -0.61) (size 0.95 1.23) (layers F.Cu F.Paste F.Mask)
      (net 11 "Net-(C22-Pad2)") (solder_paste_margin_ratio -0.2))
    (pad 5 smd rect (at -0.09 0.61) (size 0.95 1.23) (layers F.Cu F.Paste F.Mask)
      (net 11 "Net-(C22-Pad2)") (solder_paste_margin_ratio -0.2))
    (pad 5 smd rect (at -0.09 -0.61) (size 0.95 1.23) (layers F.Cu F.Paste F.Mask)
      (net 11 "Net-(C22-Pad2)") (solder_paste_margin_ratio -0.2))
    (model ${KISYS3DMOD}/Housings_SON.3dshapes/VSON-8_3.3x3.3mm_Pitch0.65mm_NexFET.wrl
      (at (xyz 0 0 0))
      (scale (xyz 1 1 1))
      (rotate (xyz 0 0 0))
    )
  )

  (module Housings_SON:VSON-8_3.3x3.3mm_Pitch0.65mm_NexFET (layer F.Cu) (tedit 59380FB9) (tstamp 59E1B849)
    (at 204 77)
    (descr "8-Lead Plastic Dual Flat, No Lead Package (MF) - 3.3x3.3x1 mm Body [VSON] http://www.ti.com/lit/ds/symlink/csd87334q3d.pdf")
    (tags "VSON 0.65")
    (path /59D9AAE2/59DB1210)
    (attr smd)
    (fp_text reference Q5 (at 0 -2.8) (layer F.SilkS)
      (effects (font (size 1 1) (thickness 0.15)))
    )
    (fp_text value CSD17309Q3 (at 0 2.8) (layer F.Fab)
      (effects (font (size 1 1) (thickness 0.15)))
    )
    (fp_line (start -1.9 -1.8) (end 1.23 -1.8) (layer F.SilkS) (width 0.12))
    (fp_line (start -1.23 1.8) (end 1.23 1.8) (layer F.SilkS) (width 0.12))
    (fp_line (start -2 1.9) (end 2 1.9) (layer F.CrtYd) (width 0.05))
    (fp_line (start -2 -1.9) (end 2 -1.9) (layer F.CrtYd) (width 0.05))
    (fp_line (start 2 -1.9) (end 2 1.9) (layer F.CrtYd) (width 0.05))
    (fp_line (start -2 -1.9) (end -2 1.9) (layer F.CrtYd) (width 0.05))
    (fp_line (start -1.65 -0.5) (end -0.5 -1.65) (layer F.Fab) (width 0.1))
    (fp_line (start -1.65 1.65) (end -1.65 -0.5) (layer F.Fab) (width 0.1))
    (fp_line (start 1.65 1.65) (end -1.65 1.65) (layer F.Fab) (width 0.1))
    (fp_line (start 1.65 -1.65) (end 1.65 1.65) (layer F.Fab) (width 0.1))
    (fp_line (start -0.5 -1.65) (end 1.65 -1.65) (layer F.Fab) (width 0.1))
    (fp_text user %R (at 0 0) (layer F.Fab)
      (effects (font (size 0.7 0.7) (thickness 0.1)))
    )
    (pad 5 smd rect (at -0.09 -0.61) (size 0.95 1.23) (layers F.Cu F.Paste F.Mask)
      (net 33 /Charger/L1-L) (solder_paste_margin_ratio -0.2))
    (pad 5 smd rect (at -0.09 0.61) (size 0.95 1.23) (layers F.Cu F.Paste F.Mask)
      (net 33 /Charger/L1-L) (solder_paste_margin_ratio -0.2))
    (pad 5 smd rect (at 0.86 -0.61) (size 0.95 1.23) (layers F.Cu F.Paste F.Mask)
      (net 33 /Charger/L1-L) (solder_paste_margin_ratio -0.2))
    (pad 5 smd rect (at 0.86 0.61) (size 0.95 1.23) (layers F.Cu F.Paste F.Mask)
      (net 33 /Charger/L1-L) (solder_paste_margin_ratio -0.2))
    (pad 5 smd rect (at 1.44 -0.97) (size 0.63 0.5) (layers F.Cu F.Paste F.Mask)
      (net 33 /Charger/L1-L))
    (pad 5 smd rect (at 1.44 -0.33) (size 0.63 0.5) (layers F.Cu F.Paste F.Mask)
      (net 33 /Charger/L1-L))
    (pad 5 smd rect (at 1.44 0.33) (size 0.63 0.5) (layers F.Cu F.Paste F.Mask)
      (net 33 /Charger/L1-L))
    (pad 5 smd rect (at 1.44 0.97) (size 0.63 0.5) (layers F.Cu F.Paste F.Mask)
      (net 33 /Charger/L1-L))
    (pad 4 smd rect (at -1.44 0.97) (size 0.63 0.5) (layers F.Cu F.Paste F.Mask)
      (net 12 "Net-(C24-Pad1)"))
    (pad 3 smd rect (at -1.44 0.33) (size 0.63 0.5) (layers F.Cu F.Paste F.Mask)
      (net 7 GND))
    (pad 2 smd rect (at -1.44 -0.33) (size 0.63 0.5) (layers F.Cu F.Paste F.Mask)
      (net 7 GND))
    (pad 1 smd rect (at -1.44 -0.97) (size 0.63 0.5) (layers F.Cu F.Paste F.Mask)
      (net 7 GND))
    (model ${KISYS3DMOD}/Housings_SON.3dshapes/VSON-8_3.3x3.3mm_Pitch0.65mm_NexFET.wrl
      (at (xyz 0 0 0))
      (scale (xyz 1 1 1))
      (rotate (xyz 0 0 0))
    )
  )

  (module Housings_SON:VSON-8_3.3x3.3mm_Pitch0.65mm_NexFET (layer F.Cu) (tedit 59380FB9) (tstamp 59E1B865)
    (at 204 91)
    (descr "8-Lead Plastic Dual Flat, No Lead Package (MF) - 3.3x3.3x1 mm Body [VSON] http://www.ti.com/lit/ds/symlink/csd87334q3d.pdf")
    (tags "VSON 0.65")
    (path /59D9AAE2/59DB12B0)
    (attr smd)
    (fp_text reference Q6 (at 0 -2.8) (layer F.SilkS)
      (effects (font (size 1 1) (thickness 0.15)))
    )
    (fp_text value CSD17309Q3 (at -4 1.5) (layer F.Fab)
      (effects (font (size 1 1) (thickness 0.15)))
    )
    (fp_line (start -1.9 -1.8) (end 1.23 -1.8) (layer F.SilkS) (width 0.12))
    (fp_line (start -1.23 1.8) (end 1.23 1.8) (layer F.SilkS) (width 0.12))
    (fp_line (start -2 1.9) (end 2 1.9) (layer F.CrtYd) (width 0.05))
    (fp_line (start -2 -1.9) (end 2 -1.9) (layer F.CrtYd) (width 0.05))
    (fp_line (start 2 -1.9) (end 2 1.9) (layer F.CrtYd) (width 0.05))
    (fp_line (start -2 -1.9) (end -2 1.9) (layer F.CrtYd) (width 0.05))
    (fp_line (start -1.65 -0.5) (end -0.5 -1.65) (layer F.Fab) (width 0.1))
    (fp_line (start -1.65 1.65) (end -1.65 -0.5) (layer F.Fab) (width 0.1))
    (fp_line (start 1.65 1.65) (end -1.65 1.65) (layer F.Fab) (width 0.1))
    (fp_line (start 1.65 -1.65) (end 1.65 1.65) (layer F.Fab) (width 0.1))
    (fp_line (start -0.5 -1.65) (end 1.65 -1.65) (layer F.Fab) (width 0.1))
    (fp_text user %R (at 0 0) (layer F.Fab)
      (effects (font (size 0.7 0.7) (thickness 0.1)))
    )
    (pad 5 smd rect (at -0.09 -0.61) (size 0.95 1.23) (layers F.Cu F.Paste F.Mask)
      (net 34 /Charger/L1-R) (solder_paste_margin_ratio -0.2))
    (pad 5 smd rect (at -0.09 0.61) (size 0.95 1.23) (layers F.Cu F.Paste F.Mask)
      (net 34 /Charger/L1-R) (solder_paste_margin_ratio -0.2))
    (pad 5 smd rect (at 0.86 -0.61) (size 0.95 1.23) (layers F.Cu F.Paste F.Mask)
      (net 34 /Charger/L1-R) (solder_paste_margin_ratio -0.2))
    (pad 5 smd rect (at 0.86 0.61) (size 0.95 1.23) (layers F.Cu F.Paste F.Mask)
      (net 34 /Charger/L1-R) (solder_paste_margin_ratio -0.2))
    (pad 5 smd rect (at 1.44 -0.97) (size 0.63 0.5) (layers F.Cu F.Paste F.Mask)
      (net 34 /Charger/L1-R))
    (pad 5 smd rect (at 1.44 -0.33) (size 0.63 0.5) (layers F.Cu F.Paste F.Mask)
      (net 34 /Charger/L1-R))
    (pad 5 smd rect (at 1.44 0.33) (size 0.63 0.5) (layers F.Cu F.Paste F.Mask)
      (net 34 /Charger/L1-R))
    (pad 5 smd rect (at 1.44 0.97) (size 0.63 0.5) (layers F.Cu F.Paste F.Mask)
      (net 34 /Charger/L1-R))
    (pad 4 smd rect (at -1.44 0.97) (size 0.63 0.5) (layers F.Cu F.Paste F.Mask)
      (net 15 "Net-(C27-Pad1)"))
    (pad 3 smd rect (at -1.44 0.33) (size 0.63 0.5) (layers F.Cu F.Paste F.Mask)
      (net 7 GND))
    (pad 2 smd rect (at -1.44 -0.33) (size 0.63 0.5) (layers F.Cu F.Paste F.Mask)
      (net 7 GND))
    (pad 1 smd rect (at -1.44 -0.97) (size 0.63 0.5) (layers F.Cu F.Paste F.Mask)
      (net 7 GND))
    (model ${KISYS3DMOD}/Housings_SON.3dshapes/VSON-8_3.3x3.3mm_Pitch0.65mm_NexFET.wrl
      (at (xyz 0 0 0))
      (scale (xyz 1 1 1))
      (rotate (xyz 0 0 0))
    )
  )

  (module Housings_SON:VSON-8_3.3x3.3mm_Pitch0.65mm_NexFET (layer F.Cu) (tedit 59380FB9) (tstamp 59E1B881)
    (at 212 91)
    (descr "8-Lead Plastic Dual Flat, No Lead Package (MF) - 3.3x3.3x1 mm Body [VSON] http://www.ti.com/lit/ds/symlink/csd87334q3d.pdf")
    (tags "VSON 0.65")
    (path /59D9AAE2/59DB1278)
    (attr smd)
    (fp_text reference Q7 (at 0 -2.8) (layer F.SilkS)
      (effects (font (size 1 1) (thickness 0.15)))
    )
    (fp_text value CSD17309Q3 (at 0.5 1) (layer F.Fab)
      (effects (font (size 1 1) (thickness 0.15)))
    )
    (fp_text user %R (at 0 0) (layer F.Fab)
      (effects (font (size 0.7 0.7) (thickness 0.1)))
    )
    (fp_line (start -0.5 -1.65) (end 1.65 -1.65) (layer F.Fab) (width 0.1))
    (fp_line (start 1.65 -1.65) (end 1.65 1.65) (layer F.Fab) (width 0.1))
    (fp_line (start 1.65 1.65) (end -1.65 1.65) (layer F.Fab) (width 0.1))
    (fp_line (start -1.65 1.65) (end -1.65 -0.5) (layer F.Fab) (width 0.1))
    (fp_line (start -1.65 -0.5) (end -0.5 -1.65) (layer F.Fab) (width 0.1))
    (fp_line (start -2 -1.9) (end -2 1.9) (layer F.CrtYd) (width 0.05))
    (fp_line (start 2 -1.9) (end 2 1.9) (layer F.CrtYd) (width 0.05))
    (fp_line (start -2 -1.9) (end 2 -1.9) (layer F.CrtYd) (width 0.05))
    (fp_line (start -2 1.9) (end 2 1.9) (layer F.CrtYd) (width 0.05))
    (fp_line (start -1.23 1.8) (end 1.23 1.8) (layer F.SilkS) (width 0.12))
    (fp_line (start -1.9 -1.8) (end 1.23 -1.8) (layer F.SilkS) (width 0.12))
    (pad 1 smd rect (at -1.44 -0.97) (size 0.63 0.5) (layers F.Cu F.Paste F.Mask)
      (net 34 /Charger/L1-R))
    (pad 2 smd rect (at -1.44 -0.33) (size 0.63 0.5) (layers F.Cu F.Paste F.Mask)
      (net 34 /Charger/L1-R))
    (pad 3 smd rect (at -1.44 0.33) (size 0.63 0.5) (layers F.Cu F.Paste F.Mask)
      (net 34 /Charger/L1-R))
    (pad 4 smd rect (at -1.44 0.97) (size 0.63 0.5) (layers F.Cu F.Paste F.Mask)
      (net 6 "Net-(Q7-Pad4)"))
    (pad 5 smd rect (at 1.44 0.97) (size 0.63 0.5) (layers F.Cu F.Paste F.Mask)
      (net 9 /Charger/VSYS))
    (pad 5 smd rect (at 1.44 0.33) (size 0.63 0.5) (layers F.Cu F.Paste F.Mask)
      (net 9 /Charger/VSYS))
    (pad 5 smd rect (at 1.44 -0.33) (size 0.63 0.5) (layers F.Cu F.Paste F.Mask)
      (net 9 /Charger/VSYS))
    (pad 5 smd rect (at 1.44 -0.97) (size 0.63 0.5) (layers F.Cu F.Paste F.Mask)
      (net 9 /Charger/VSYS))
    (pad 5 smd rect (at 0.86 0.61) (size 0.95 1.23) (layers F.Cu F.Paste F.Mask)
      (net 9 /Charger/VSYS) (solder_paste_margin_ratio -0.2))
    (pad 5 smd rect (at 0.86 -0.61) (size 0.95 1.23) (layers F.Cu F.Paste F.Mask)
      (net 9 /Charger/VSYS) (solder_paste_margin_ratio -0.2))
    (pad 5 smd rect (at -0.09 0.61) (size 0.95 1.23) (layers F.Cu F.Paste F.Mask)
      (net 9 /Charger/VSYS) (solder_paste_margin_ratio -0.2))
    (pad 5 smd rect (at -0.09 -0.61) (size 0.95 1.23) (layers F.Cu F.Paste F.Mask)
      (net 9 /Charger/VSYS) (solder_paste_margin_ratio -0.2))
    (model ${KISYS3DMOD}/Housings_SON.3dshapes/VSON-8_3.3x3.3mm_Pitch0.65mm_NexFET.wrl
      (at (xyz 0 0 0))
      (scale (xyz 1 1 1))
      (rotate (xyz 0 0 0))
    )
  )

  (module Capacitors_SMD:C_0805 (layer F.Cu) (tedit 58AA8463) (tstamp 59E90832)
    (at 209.25 67 180)
    (descr "Capacitor SMD 0805, reflow soldering, AVX (see smccp.pdf)")
    (tags "capacitor 0805")
    (path /59D9AAE2/59E1F233)
    (attr smd)
    (fp_text reference C7 (at 0 -1.5 180) (layer F.SilkS)
      (effects (font (size 1 1) (thickness 0.15)))
    )
    (fp_text value 10uF (at 0 1.75 180) (layer F.Fab)
      (effects (font (size 1 1) (thickness 0.15)))
    )
    (fp_line (start 1.75 0.87) (end -1.75 0.87) (layer F.CrtYd) (width 0.05))
    (fp_line (start 1.75 0.87) (end 1.75 -0.88) (layer F.CrtYd) (width 0.05))
    (fp_line (start -1.75 -0.88) (end -1.75 0.87) (layer F.CrtYd) (width 0.05))
    (fp_line (start -1.75 -0.88) (end 1.75 -0.88) (layer F.CrtYd) (width 0.05))
    (fp_line (start -0.5 0.85) (end 0.5 0.85) (layer F.SilkS) (width 0.12))
    (fp_line (start 0.5 -0.85) (end -0.5 -0.85) (layer F.SilkS) (width 0.12))
    (fp_line (start -1 -0.62) (end 1 -0.62) (layer F.Fab) (width 0.1))
    (fp_line (start 1 -0.62) (end 1 0.62) (layer F.Fab) (width 0.1))
    (fp_line (start 1 0.62) (end -1 0.62) (layer F.Fab) (width 0.1))
    (fp_line (start -1 0.62) (end -1 -0.62) (layer F.Fab) (width 0.1))
    (fp_text user %R (at 0 -1.5 180) (layer F.Fab)
      (effects (font (size 1 1) (thickness 0.15)))
    )
    (pad 2 smd rect (at 1 0 180) (size 1 1.25) (layers F.Cu F.Paste F.Mask)
      (net 7 GND))
    (pad 1 smd rect (at -1 0 180) (size 1 1.25) (layers F.Cu F.Paste F.Mask)
      (net 8 /Charger/VBUS))
    (model Capacitors_SMD.3dshapes/C_0805.wrl
      (at (xyz 0 0 0))
      (scale (xyz 1 1 1))
      (rotate (xyz 0 0 0))
    )
  )

  (module Capacitors_SMD:C_0805 (layer F.Cu) (tedit 58AA8463) (tstamp 59E90843)
    (at 209.25 69 180)
    (descr "Capacitor SMD 0805, reflow soldering, AVX (see smccp.pdf)")
    (tags "capacitor 0805")
    (path /59D9AAE2/59E1F23A)
    (attr smd)
    (fp_text reference C8 (at 0 -1.5 180) (layer F.SilkS)
      (effects (font (size 1 1) (thickness 0.15)))
    )
    (fp_text value 10uF (at 0 1.75 180) (layer F.Fab)
      (effects (font (size 1 1) (thickness 0.15)))
    )
    (fp_text user %R (at 0 -1.5 180) (layer F.Fab)
      (effects (font (size 1 1) (thickness 0.15)))
    )
    (fp_line (start -1 0.62) (end -1 -0.62) (layer F.Fab) (width 0.1))
    (fp_line (start 1 0.62) (end -1 0.62) (layer F.Fab) (width 0.1))
    (fp_line (start 1 -0.62) (end 1 0.62) (layer F.Fab) (width 0.1))
    (fp_line (start -1 -0.62) (end 1 -0.62) (layer F.Fab) (width 0.1))
    (fp_line (start 0.5 -0.85) (end -0.5 -0.85) (layer F.SilkS) (width 0.12))
    (fp_line (start -0.5 0.85) (end 0.5 0.85) (layer F.SilkS) (width 0.12))
    (fp_line (start -1.75 -0.88) (end 1.75 -0.88) (layer F.CrtYd) (width 0.05))
    (fp_line (start -1.75 -0.88) (end -1.75 0.87) (layer F.CrtYd) (width 0.05))
    (fp_line (start 1.75 0.87) (end 1.75 -0.88) (layer F.CrtYd) (width 0.05))
    (fp_line (start 1.75 0.87) (end -1.75 0.87) (layer F.CrtYd) (width 0.05))
    (pad 1 smd rect (at -1 0 180) (size 1 1.25) (layers F.Cu F.Paste F.Mask)
      (net 8 /Charger/VBUS))
    (pad 2 smd rect (at 1 0 180) (size 1 1.25) (layers F.Cu F.Paste F.Mask)
      (net 7 GND))
    (model Capacitors_SMD.3dshapes/C_0805.wrl
      (at (xyz 0 0 0))
      (scale (xyz 1 1 1))
      (rotate (xyz 0 0 0))
    )
  )

  (module Capacitors_SMD:C_0805 (layer F.Cu) (tedit 58AA8463) (tstamp 59E90854)
    (at 209.25 71 180)
    (descr "Capacitor SMD 0805, reflow soldering, AVX (see smccp.pdf)")
    (tags "capacitor 0805")
    (path /59D9AAE2/59E1F241)
    (attr smd)
    (fp_text reference C9 (at 0 -1.5 180) (layer F.SilkS)
      (effects (font (size 1 1) (thickness 0.15)))
    )
    (fp_text value 10uF (at 0 1.75 180) (layer F.Fab)
      (effects (font (size 1 1) (thickness 0.15)))
    )
    (fp_line (start 1.75 0.87) (end -1.75 0.87) (layer F.CrtYd) (width 0.05))
    (fp_line (start 1.75 0.87) (end 1.75 -0.88) (layer F.CrtYd) (width 0.05))
    (fp_line (start -1.75 -0.88) (end -1.75 0.87) (layer F.CrtYd) (width 0.05))
    (fp_line (start -1.75 -0.88) (end 1.75 -0.88) (layer F.CrtYd) (width 0.05))
    (fp_line (start -0.5 0.85) (end 0.5 0.85) (layer F.SilkS) (width 0.12))
    (fp_line (start 0.5 -0.85) (end -0.5 -0.85) (layer F.SilkS) (width 0.12))
    (fp_line (start -1 -0.62) (end 1 -0.62) (layer F.Fab) (width 0.1))
    (fp_line (start 1 -0.62) (end 1 0.62) (layer F.Fab) (width 0.1))
    (fp_line (start 1 0.62) (end -1 0.62) (layer F.Fab) (width 0.1))
    (fp_line (start -1 0.62) (end -1 -0.62) (layer F.Fab) (width 0.1))
    (fp_text user %R (at 0 -1.5 180) (layer F.Fab)
      (effects (font (size 1 1) (thickness 0.15)))
    )
    (pad 2 smd rect (at 1 0 180) (size 1 1.25) (layers F.Cu F.Paste F.Mask)
      (net 7 GND))
    (pad 1 smd rect (at -1 0 180) (size 1 1.25) (layers F.Cu F.Paste F.Mask)
      (net 8 /Charger/VBUS))
    (model Capacitors_SMD.3dshapes/C_0805.wrl
      (at (xyz 0 0 0))
      (scale (xyz 1 1 1))
      (rotate (xyz 0 0 0))
    )
  )

  (module Capacitors_SMD:C_0805 (layer F.Cu) (tedit 58AA8463) (tstamp 59E90865)
    (at 215.25 71)
    (descr "Capacitor SMD 0805, reflow soldering, AVX (see smccp.pdf)")
    (tags "capacitor 0805")
    (path /59D9AAE2/59E1F248)
    (attr smd)
    (fp_text reference C10 (at 0 -1.5) (layer F.SilkS)
      (effects (font (size 1 1) (thickness 0.15)))
    )
    (fp_text value 10uF (at 0 1.75) (layer F.Fab)
      (effects (font (size 1 1) (thickness 0.15)))
    )
    (fp_text user %R (at 0 -1.5) (layer F.Fab)
      (effects (font (size 1 1) (thickness 0.15)))
    )
    (fp_line (start -1 0.62) (end -1 -0.62) (layer F.Fab) (width 0.1))
    (fp_line (start 1 0.62) (end -1 0.62) (layer F.Fab) (width 0.1))
    (fp_line (start 1 -0.62) (end 1 0.62) (layer F.Fab) (width 0.1))
    (fp_line (start -1 -0.62) (end 1 -0.62) (layer F.Fab) (width 0.1))
    (fp_line (start 0.5 -0.85) (end -0.5 -0.85) (layer F.SilkS) (width 0.12))
    (fp_line (start -0.5 0.85) (end 0.5 0.85) (layer F.SilkS) (width 0.12))
    (fp_line (start -1.75 -0.88) (end 1.75 -0.88) (layer F.CrtYd) (width 0.05))
    (fp_line (start -1.75 -0.88) (end -1.75 0.87) (layer F.CrtYd) (width 0.05))
    (fp_line (start 1.75 0.87) (end 1.75 -0.88) (layer F.CrtYd) (width 0.05))
    (fp_line (start 1.75 0.87) (end -1.75 0.87) (layer F.CrtYd) (width 0.05))
    (pad 1 smd rect (at -1 0) (size 1 1.25) (layers F.Cu F.Paste F.Mask)
      (net 8 /Charger/VBUS))
    (pad 2 smd rect (at 1 0) (size 1 1.25) (layers F.Cu F.Paste F.Mask)
      (net 7 GND))
    (model Capacitors_SMD.3dshapes/C_0805.wrl
      (at (xyz 0 0 0))
      (scale (xyz 1 1 1))
      (rotate (xyz 0 0 0))
    )
  )

  (module Capacitors_SMD:C_0805 (layer F.Cu) (tedit 58AA8463) (tstamp 59E90876)
    (at 215.25 69)
    (descr "Capacitor SMD 0805, reflow soldering, AVX (see smccp.pdf)")
    (tags "capacitor 0805")
    (path /59D9AAE2/59E1F24F)
    (attr smd)
    (fp_text reference C11 (at 0 -1.5) (layer F.SilkS)
      (effects (font (size 1 1) (thickness 0.15)))
    )
    (fp_text value 10uF (at 0 1.75) (layer F.Fab)
      (effects (font (size 1 1) (thickness 0.15)))
    )
    (fp_line (start 1.75 0.87) (end -1.75 0.87) (layer F.CrtYd) (width 0.05))
    (fp_line (start 1.75 0.87) (end 1.75 -0.88) (layer F.CrtYd) (width 0.05))
    (fp_line (start -1.75 -0.88) (end -1.75 0.87) (layer F.CrtYd) (width 0.05))
    (fp_line (start -1.75 -0.88) (end 1.75 -0.88) (layer F.CrtYd) (width 0.05))
    (fp_line (start -0.5 0.85) (end 0.5 0.85) (layer F.SilkS) (width 0.12))
    (fp_line (start 0.5 -0.85) (end -0.5 -0.85) (layer F.SilkS) (width 0.12))
    (fp_line (start -1 -0.62) (end 1 -0.62) (layer F.Fab) (width 0.1))
    (fp_line (start 1 -0.62) (end 1 0.62) (layer F.Fab) (width 0.1))
    (fp_line (start 1 0.62) (end -1 0.62) (layer F.Fab) (width 0.1))
    (fp_line (start -1 0.62) (end -1 -0.62) (layer F.Fab) (width 0.1))
    (fp_text user %R (at 0 -1.5) (layer F.Fab)
      (effects (font (size 1 1) (thickness 0.15)))
    )
    (pad 2 smd rect (at 1 0) (size 1 1.25) (layers F.Cu F.Paste F.Mask)
      (net 7 GND))
    (pad 1 smd rect (at -1 0) (size 1 1.25) (layers F.Cu F.Paste F.Mask)
      (net 8 /Charger/VBUS))
    (model Capacitors_SMD.3dshapes/C_0805.wrl
      (at (xyz 0 0 0))
      (scale (xyz 1 1 1))
      (rotate (xyz 0 0 0))
    )
  )

  (module Capacitors_SMD:C_0805 (layer F.Cu) (tedit 58AA8463) (tstamp 59E90887)
    (at 215.25 67)
    (descr "Capacitor SMD 0805, reflow soldering, AVX (see smccp.pdf)")
    (tags "capacitor 0805")
    (path /59D9AAE2/59E1F256)
    (attr smd)
    (fp_text reference C12 (at 0 -1.5) (layer F.SilkS)
      (effects (font (size 1 1) (thickness 0.15)))
    )
    (fp_text value 10uF (at 0 1.75) (layer F.Fab)
      (effects (font (size 1 1) (thickness 0.15)))
    )
    (fp_text user %R (at 0 -1.5) (layer F.Fab)
      (effects (font (size 1 1) (thickness 0.15)))
    )
    (fp_line (start -1 0.62) (end -1 -0.62) (layer F.Fab) (width 0.1))
    (fp_line (start 1 0.62) (end -1 0.62) (layer F.Fab) (width 0.1))
    (fp_line (start 1 -0.62) (end 1 0.62) (layer F.Fab) (width 0.1))
    (fp_line (start -1 -0.62) (end 1 -0.62) (layer F.Fab) (width 0.1))
    (fp_line (start 0.5 -0.85) (end -0.5 -0.85) (layer F.SilkS) (width 0.12))
    (fp_line (start -0.5 0.85) (end 0.5 0.85) (layer F.SilkS) (width 0.12))
    (fp_line (start -1.75 -0.88) (end 1.75 -0.88) (layer F.CrtYd) (width 0.05))
    (fp_line (start -1.75 -0.88) (end -1.75 0.87) (layer F.CrtYd) (width 0.05))
    (fp_line (start 1.75 0.87) (end 1.75 -0.88) (layer F.CrtYd) (width 0.05))
    (fp_line (start 1.75 0.87) (end -1.75 0.87) (layer F.CrtYd) (width 0.05))
    (pad 1 smd rect (at -1 0) (size 1 1.25) (layers F.Cu F.Paste F.Mask)
      (net 8 /Charger/VBUS))
    (pad 2 smd rect (at 1 0) (size 1 1.25) (layers F.Cu F.Paste F.Mask)
      (net 7 GND))
    (model Capacitors_SMD.3dshapes/C_0805.wrl
      (at (xyz 0 0 0))
      (scale (xyz 1 1 1))
      (rotate (xyz 0 0 0))
    )
  )

  (module Capacitors_SMD:C_0805 (layer F.Cu) (tedit 58AA8463) (tstamp 59E90898)
    (at 210.5 94 180)
    (descr "Capacitor SMD 0805, reflow soldering, AVX (see smccp.pdf)")
    (tags "capacitor 0805")
    (path /59D9AAE2/59E1DA4F)
    (attr smd)
    (fp_text reference C13 (at 0 -1.5 180) (layer F.SilkS)
      (effects (font (size 1 1) (thickness 0.15)))
    )
    (fp_text value 10uF (at 0 1.75 180) (layer F.Fab)
      (effects (font (size 1 1) (thickness 0.15)))
    )
    (fp_line (start 1.75 0.87) (end -1.75 0.87) (layer F.CrtYd) (width 0.05))
    (fp_line (start 1.75 0.87) (end 1.75 -0.88) (layer F.CrtYd) (width 0.05))
    (fp_line (start -1.75 -0.88) (end -1.75 0.87) (layer F.CrtYd) (width 0.05))
    (fp_line (start -1.75 -0.88) (end 1.75 -0.88) (layer F.CrtYd) (width 0.05))
    (fp_line (start -0.5 0.85) (end 0.5 0.85) (layer F.SilkS) (width 0.12))
    (fp_line (start 0.5 -0.85) (end -0.5 -0.85) (layer F.SilkS) (width 0.12))
    (fp_line (start -1 -0.62) (end 1 -0.62) (layer F.Fab) (width 0.1))
    (fp_line (start 1 -0.62) (end 1 0.62) (layer F.Fab) (width 0.1))
    (fp_line (start 1 0.62) (end -1 0.62) (layer F.Fab) (width 0.1))
    (fp_line (start -1 0.62) (end -1 -0.62) (layer F.Fab) (width 0.1))
    (fp_text user %R (at 0 -1.5 180) (layer F.Fab)
      (effects (font (size 1 1) (thickness 0.15)))
    )
    (pad 2 smd rect (at 1 0 180) (size 1 1.25) (layers F.Cu F.Paste F.Mask)
      (net 7 GND))
    (pad 1 smd rect (at -1 0 180) (size 1 1.25) (layers F.Cu F.Paste F.Mask)
      (net 9 /Charger/VSYS))
    (model Capacitors_SMD.3dshapes/C_0805.wrl
      (at (xyz 0 0 0))
      (scale (xyz 1 1 1))
      (rotate (xyz 0 0 0))
    )
  )

  (module Capacitors_SMD:C_0805 (layer F.Cu) (tedit 58AA8463) (tstamp 59E908A9)
    (at 210.5 96 180)
    (descr "Capacitor SMD 0805, reflow soldering, AVX (see smccp.pdf)")
    (tags "capacitor 0805")
    (path /59D9AAE2/59E1DAAA)
    (attr smd)
    (fp_text reference C14 (at 0 -1.5 180) (layer F.SilkS)
      (effects (font (size 1 1) (thickness 0.15)))
    )
    (fp_text value 10uF (at 0 1.75 180) (layer F.Fab)
      (effects (font (size 1 1) (thickness 0.15)))
    )
    (fp_text user %R (at 0 -1.5 180) (layer F.Fab)
      (effects (font (size 1 1) (thickness 0.15)))
    )
    (fp_line (start -1 0.62) (end -1 -0.62) (layer F.Fab) (width 0.1))
    (fp_line (start 1 0.62) (end -1 0.62) (layer F.Fab) (width 0.1))
    (fp_line (start 1 -0.62) (end 1 0.62) (layer F.Fab) (width 0.1))
    (fp_line (start -1 -0.62) (end 1 -0.62) (layer F.Fab) (width 0.1))
    (fp_line (start 0.5 -0.85) (end -0.5 -0.85) (layer F.SilkS) (width 0.12))
    (fp_line (start -0.5 0.85) (end 0.5 0.85) (layer F.SilkS) (width 0.12))
    (fp_line (start -1.75 -0.88) (end 1.75 -0.88) (layer F.CrtYd) (width 0.05))
    (fp_line (start -1.75 -0.88) (end -1.75 0.87) (layer F.CrtYd) (width 0.05))
    (fp_line (start 1.75 0.87) (end 1.75 -0.88) (layer F.CrtYd) (width 0.05))
    (fp_line (start 1.75 0.87) (end -1.75 0.87) (layer F.CrtYd) (width 0.05))
    (pad 1 smd rect (at -1 0 180) (size 1 1.25) (layers F.Cu F.Paste F.Mask)
      (net 9 /Charger/VSYS))
    (pad 2 smd rect (at 1 0 180) (size 1 1.25) (layers F.Cu F.Paste F.Mask)
      (net 7 GND))
    (model Capacitors_SMD.3dshapes/C_0805.wrl
      (at (xyz 0 0 0))
      (scale (xyz 1 1 1))
      (rotate (xyz 0 0 0))
    )
  )

  (module Capacitors_SMD:C_0805 (layer F.Cu) (tedit 58AA8463) (tstamp 59E908BA)
    (at 210.5 98 180)
    (descr "Capacitor SMD 0805, reflow soldering, AVX (see smccp.pdf)")
    (tags "capacitor 0805")
    (path /59D9AAE2/59E1DACE)
    (attr smd)
    (fp_text reference C15 (at 0 -1.5 180) (layer F.SilkS)
      (effects (font (size 1 1) (thickness 0.15)))
    )
    (fp_text value 10uF (at 0 1.75 180) (layer F.Fab)
      (effects (font (size 1 1) (thickness 0.15)))
    )
    (fp_line (start 1.75 0.87) (end -1.75 0.87) (layer F.CrtYd) (width 0.05))
    (fp_line (start 1.75 0.87) (end 1.75 -0.88) (layer F.CrtYd) (width 0.05))
    (fp_line (start -1.75 -0.88) (end -1.75 0.87) (layer F.CrtYd) (width 0.05))
    (fp_line (start -1.75 -0.88) (end 1.75 -0.88) (layer F.CrtYd) (width 0.05))
    (fp_line (start -0.5 0.85) (end 0.5 0.85) (layer F.SilkS) (width 0.12))
    (fp_line (start 0.5 -0.85) (end -0.5 -0.85) (layer F.SilkS) (width 0.12))
    (fp_line (start -1 -0.62) (end 1 -0.62) (layer F.Fab) (width 0.1))
    (fp_line (start 1 -0.62) (end 1 0.62) (layer F.Fab) (width 0.1))
    (fp_line (start 1 0.62) (end -1 0.62) (layer F.Fab) (width 0.1))
    (fp_line (start -1 0.62) (end -1 -0.62) (layer F.Fab) (width 0.1))
    (fp_text user %R (at 0 -1.5 180) (layer F.Fab)
      (effects (font (size 1 1) (thickness 0.15)))
    )
    (pad 2 smd rect (at 1 0 180) (size 1 1.25) (layers F.Cu F.Paste F.Mask)
      (net 7 GND))
    (pad 1 smd rect (at -1 0 180) (size 1 1.25) (layers F.Cu F.Paste F.Mask)
      (net 9 /Charger/VSYS))
    (model Capacitors_SMD.3dshapes/C_0805.wrl
      (at (xyz 0 0 0))
      (scale (xyz 1 1 1))
      (rotate (xyz 0 0 0))
    )
  )

  (module Capacitors_SMD:C_0805 (layer F.Cu) (tedit 58AA8463) (tstamp 59E908CB)
    (at 215.75 94)
    (descr "Capacitor SMD 0805, reflow soldering, AVX (see smccp.pdf)")
    (tags "capacitor 0805")
    (path /59D9AAE2/59E1DAFC)
    (attr smd)
    (fp_text reference C16 (at 0 -1.5) (layer F.SilkS)
      (effects (font (size 1 1) (thickness 0.15)))
    )
    (fp_text value 10uF (at 1.75 1) (layer F.Fab)
      (effects (font (size 1 1) (thickness 0.15)))
    )
    (fp_text user %R (at 0 -1.5) (layer F.Fab)
      (effects (font (size 1 1) (thickness 0.15)))
    )
    (fp_line (start -1 0.62) (end -1 -0.62) (layer F.Fab) (width 0.1))
    (fp_line (start 1 0.62) (end -1 0.62) (layer F.Fab) (width 0.1))
    (fp_line (start 1 -0.62) (end 1 0.62) (layer F.Fab) (width 0.1))
    (fp_line (start -1 -0.62) (end 1 -0.62) (layer F.Fab) (width 0.1))
    (fp_line (start 0.5 -0.85) (end -0.5 -0.85) (layer F.SilkS) (width 0.12))
    (fp_line (start -0.5 0.85) (end 0.5 0.85) (layer F.SilkS) (width 0.12))
    (fp_line (start -1.75 -0.88) (end 1.75 -0.88) (layer F.CrtYd) (width 0.05))
    (fp_line (start -1.75 -0.88) (end -1.75 0.87) (layer F.CrtYd) (width 0.05))
    (fp_line (start 1.75 0.87) (end 1.75 -0.88) (layer F.CrtYd) (width 0.05))
    (fp_line (start 1.75 0.87) (end -1.75 0.87) (layer F.CrtYd) (width 0.05))
